603.573	0	251.376	0	55280	0
0	7079.16	0	-7060.32	0	45840
251.376	0	3120.21	0	138700	0
0	-7060.32	0	165400	0	364100
55280	0	138700	0	13260000	0
0	45840	0	364100	0	11860000
531.959	0	255.62	0	61280	0
0	7928.21	0	-7858.63	0	52390
255.62	0	3935.25	0	201600	0
0	-7858.63	0	166700	0	448000
61280	0	201600	0	17650000	0
0	52390	0	448000	0	13220000
644.928	0	289.013	0	65440	0
0	8853.89	0	-9293.39	0	63960
289.013	0	4343.94	0	150600	0
0	-9293.39	0	179200	0	501500
65440	0	150600	0	15740000	0
0	63960	0	501500	0	14810000
726.24	0	306.433	0	75250	0
0	9882.69	0	-11720	0	77160
306.433	0	5223.09	0	167300	0
0	-11720	0	202800	0	572000
75250	0	167300	0	17860000	0
0	77160	0	572000	0	16550000
801.414	0	311.453	0	86340	0
0	10520	0	-14900	0	91500
311.453	0	6287.94	0	186000	0
0	-14900	0	217900	0	585500
86340	0	186000	0	20310000	0
0	91500	0	585500	0	18400000
814.146	0	302.591	0	88880	0
0	11120	0	-15340	0	96590
302.591	0	6544.82	0	188900	0
0	-15340	0	222900	0	643300
88880	0	188900	0	20850000	0
0	96590	0	643300	0	18910000
847.586	0	332.695	0	94080	0
0	11430	0	-16130	0	100800
332.695	0	6822.41	0	194400	0
0	-16130	0	227200	0	665800
94080	0	194400	0	21890000	0
0	100800	0	665800	0	19380000
861.093	0	331.399	0	97290	0
0	11730	0	-17070	0	104900
331.399	0	7070.21	0	197400	0
0	-17070	0	231400	0	678700
97290	0	197400	0	22520000	0
0	104900	0	678700	0	19830000
864.791	0	305.892	0	98610	0
0	12010	0	-18170	0	108700
305.892	0	7549.51	0	203100	0
0	-18170	0	235600	0	683800
98610	0	203100	0	23090000	0
0	108700	0	683800	0	20270000
906.886	0	366.238	0	106800	0
0	12290	0	-19330	0	112300
366.238	0	7927.84	0	214500	0
0	-19330	0	240300	0	687100
106800	0	214500	0	25450000	0
0	112300	0	687100	0	20700000
892.304	0	295.592	0	105000	0
0	12560	0	-20470	0	115600
295.592	0	8189.29	0	211600	0
0	-20470	0	245200	0	693500
105000	0	211600	0	24620000	0
0	115600	0	693500	0	21120000
900.533	0	289.344	0	107400	0
0	12820	0	-21630	0	118500
289.344	0	8670.03	0	216100	0
0	-21630	0	249400	0	699600
107400	0	216100	0	25090000	0
0	118500	0	699600	0	21470000
910.565	0	276.212	0	111100	0
0	13090	0	-22940	0	120800
276.212	0	8541.43	0	225200	0
0	-22940	0	251900	0	696100
111100	0	225200	0	26880000	0
0	120800	0	696100	0	21730000
917.293	0	282.69	0	113700	0
0	13340	0	-24540	0	122200
282.69	0	10330	0	219600	0
0	-24540	0	252700	0	677500
113700	0	219600	0	27250000	0
0	122200	0	677500	0	21900000
922.856	0	266.615	0	116600	0
0	13570	0	-26390	0	122600
266.615	0	10440	0	225300	0
0	-26390	0	253700	0	648700
116600	0	225300	0	28040000	0
0	122600	0	648700	0	22020000
927.197	0	256.549	0	119300	0
0	13780	0	-28330	0	122100
256.549	0	10880	0	229200	0
0	-28330	0	257000	0	621300
119300	0	229200	0	28870000	0
0	122100	0	621300	0	22120000
930.091	0	248.534	0	122000	0
0	13960	0	-30170	0	120900
248.534	0	11410	0	232900	0
0	-30170	0	262900	0	602000
122000	0	232900	0	29660000	0
0	120900	0	602000	0	22180000
931.067	0	239.996	0	124500	0
0	14120	0	-31870	0	119000
239.996	0	11990	0	236400	0
0	-31870	0	269700	0	587100
124500	0	236400	0	30390000	0
0	119000	0	587100	0	22170000
929.889	0	228.495	0	126900	0
0	14280	0	-33540	0	116400
228.495	0	12600	0	239600	0
0	-33540	0	274800	0	566200
126900	0	239600	0	31110000	0
0	116400	0	566200	0	22030000
926.798	0	213.92	0	129000	0
0	14430	0	-35330	0	112900
213.92	0	13210	0	242400	0
0	-35330	0	276400	0	532700
129000	0	242400	0	31890000	0
0	112900	0	532700	0	21790000
922.334	0	199.221	0	131000	0
0	14560	0	-37310	0	108600
199.221	0	13810	0	244700	0
0	-37310	0	275000	0	490500
131000	0	244700	0	32800000	0
0	108600	0	490500	0	21490000
916.995	0	189.152	0	133100	0
0	14650	0	-39420	0	103800
189.152	0	14430	0	246500	0
0	-39420	0	272600	0	451600
133100	0	246500	0	33820000	0
0	103800	0	451600	0	21180000
910.952	0	187.588	0	135300	0
0	14710	0	-41510	0	98760
187.588	0	15080	0	247800	0
0	-41510	0	272000	0	425800
135300	0	247800	0	34890000	0
0	98760	0	425800	0	20890000
903.942	0	194.996	0	137800	0
0	14750	0	-43480	0	93870
194.996	0	15780	0	248700	0
0	-43480	0	274200	0	414100
137800	0	248700	0	35910000	0
0	93870	0	414100	0	20590000
895.256	0	207.719	0	140100	0
0	14760	0	-45320	0	89250
207.719	0	16540	0	249400	0
0	-45320	0	279200	0	409200
140100	0	249400	0	36780000	0
0	89250	0	409200	0	20220000
883.763	0	219.586	0	142000	0
0	14750	0	-47030	0	84930
219.586	0	17350	0	249800	0
0	-47030	0	286000	0	400500
142000	0	249800	0	37490000	0
0	84930	0	400500	0	19770000
868.03	0	224.592	0	143000	0
0	14700	0	-48560	0	80800
224.592	0	18190	0	250000	0
0	-48560	0	292600	0	380700
143000	0	250000	0	38080000	0
0	80800	0	380700	0	19260000
846.767	0	219.221	0	143000	0
0	14590	0	-49850	0	76680
219.221	0	19030	0	249900	0
0	-49850	0	296900	0	350900
143000	0	249900	0	38640000	0
0	76680	0	350900	0	18730000
819.534	0	203.777	0	142100	0
0	14410	0	-50820	0	72480
203.777	0	19830	0	249400	0
0	-50820	0	297400	0	319900
142100	0	249400	0	39290000	0
0	72480	0	319900	0	18220000
787.2	0	182.523	0	140800	0
0	14170	0	-51430	0	68250
182.523	0	20590	0	248400	0
0	-51430	0	294100	0	298000
140800	0	248400	0	40100000	0
0	68250	0	298000	0	17720000
751.839	0	162.411	0	139700	0
0	13870	0	-51680	0	64150
162.411	0	21290	0	246900	0
0	-51680	0	287900	0	290300
139700	0	246900	0	41110000	0
0	64150	0	290300	0	17160000
716.21	0	150.497	0	139300	0
0	13510	0	-51600	0	60260
150.497	0	21960	0	245000	0
0	-51600	0	280100	0	294600
139300	0	245000	0	42300000	0
0	60260	0	294600	0	16420000
683.168	0	151.339	0	140200	0
0	13070	0	-51260	0	56500
151.339	0	22630	0	243000	0
0	-51260	0	271900	0	303300
140200	0	243000	0	43550000	0
0	56500	0	303300	0	15420000
655.006	0	165.652	0	142200	0
0	12550	0	-50650	0	52730
165.652	0	23310	0	241000	0
0	-50650	0	264000	0	307300
142200	0	241000	0	44720000	0
0	52730	0	307300	0	14110000
632.665	0	190.615	0	144900	0
0	11920	0	-49700	0	48790
190.615	0	24020	0	239000	0
0	-49700	0	256600	0	299000
144900	0	239000	0	45590000	0
0	48790	0	299000	0	12500000
615.122	0	221.116	0	147500	0
0	11160	0	-48220	0	44570
221.116	0	24760	0	237100	0
0	-48220	0	248900	0	274600
147500	0	237100	0	45950000	0
0	44570	0	274600	0	10670000
599.524	0	251.124	0	149000	0
0	10250	0	-46030	0	39990
251.124	0	25510	0	235200	0
0	-46030	0	239500	0	235600
149000	0	235200	0	45680000	0
0	39990	0	235600	0	8750000
582.204	0	274.815	0	148400	0
0	9195.92	0	-43000	0	35060
274.815	0	26260	0	233400	0
0	-43000	0	226900	0	187400
148400	0	233400	0	44720000	0
0	35060	0	187400	0	6888000
559.981	0	287.464	0	145400	0
0	8037.75	0	-39120	0	29860
287.464	0	26940	0	231600	0
0	-39120	0	210400	0	137300
145400	0	231600	0	43110000	0
0	29860	0	137300	0	5204000
531.011	0	286.234	0	139800	0
0	6826.54	0	-34560	0	24620
286.234	0	27500	0	229300	0
0	-34560	0	189800	0	92070
139800	0	229300	0	40920000	0
0	24620	0	92070	0	3780000
494.971	0	270.833	0	131800	0
0	5628.29	0	-29580	0	19630
270.833	0	27880	0	226400	0
0	-29580	0	166100	0	55650
131800	0	226400	0	38250000	0
0	19630	0	55650	0	2647000
452.76	0	243.625	0	121700	0
0	4507.25	0	-24540	0	15160
243.625	0	28030	0	222200	0
0	-24540	0	141000	0	29240
121700	0	222200	0	35180000	0
0	15160	0	29240	0	1793000
406.044	0	208.875	0	110100	0
0	3513.24	0	-19760	0	11390
208.875	0	27910	0	216600	0
0	-19760	0	116100	0	11900
110100	0	216600	0	31830000	0
0	11390	0	11900	0	1181000
356.844	0	171.402	0	97510	0
0	2674.05	0	-15500	0	8354.87
171.402	0	27530	0	209600	0
0	-15500	0	93120	0	1646.12
97510	0	209600	0	28290000	0
0	8354.87	0	1646.12	0	758500
307.234	0	135.295	0	84560	0
0	1995.13	0	-11890	0	6021.05
135.295	0	26910	0	201200	0
0	-11890	0	72920	0	-3676.12
84560	0	201200	0	24710000	0
0	6021.05	0	-3676.12	0	477600
259.126	0	103.229	0	71800	0
0	1464.84	0	-8951.93	0	4281.63
103.229	0	26080	0	191800	0
0	-8951.93	0	55980	0	-5882.99
71800	0	191800	0	21180000	0
0	4281.63	0	-5882.99	0	295700
214.108	0	76.445	0	59700	0
0	1061.88	0	-6639.07	0	3015.5
76.445	0	25080	0	181700	0
0	-6639.07	0	42270	0	-6304.96
59700	0	181700	0	17830000	0
0	3015.5	0	-6304.96	0	180600
173.338	0	55.1051	0	48620	0
0	761.887	0	-4862.73	0	2108.65
55.1051	0	23960	0	171100	0
0	-4862.73	0	31480	0	-5817.76
48620	0	171100	0	14740000	0
0	2108.65	0	-5817.76	0	108900
137.503	0	38.7241	0	38780	0
0	541.787	0	-3522.87	0	1465.77
38.7241	0	22740	0	160300	0
0	-3522.87	0	23160	0	-4950.13
38780	0	160300	0	11970000	0
0	1465.77	0	-4950.13	0	64920
106.853	0	26.5314	0	30300	0
0	381.928	0	-2525.32	0	1012.82
26.5314	0	21440	0	149400	0
0	-2525.32	0	16840	0	-3995.02
30300	0	149400	0	9559000	0
0	1012.82	0	-3995.02	0	38190
93.4695	0	21.7524	0	26570	0
0	319.636	0	-2129.78	0	839.991
21.7524	0	20760	0	143900	0
0	-2129.78	0	14290	0	-3535.28
26570	0	143900	0	8487000	0
0	839.991	0	-3535.28	0	29150
81.2794	0	17.6987	0	23160	0
0	266.649	0	-1789.76	0	694.815
17.6987	0	20070	0	138400	0
0	-1789.76	0	12090	0	-3099.79
23160	0	138400	0	7501000	0
0	694.815	0	-3099.79	0	22130
60.427	0	11.4617	0	17300	0
0	183.981	0	-1251.55	0	472.103
11.4617	0	18660	0	127500	0
0	-1251.55	0	8549.04	0	-2326.82
17300	0	127500	0	5786000	0
0	472.103	0	-2326.82	0	12590
43.7936	0	7.16813	0	12590	0
0	125.023	0	-860.68	0	316.539
7.16813	0	17190	0	116500	0
0	-860.68	0	5940.04	0	-1692.7
12590	0	116500	0	4384000	0
0	316.539	0	-1692.7	0	6992.01
30.8142	0	4.29369	0	8891.09	0
0	83.2563	0	-579.216	0	208.351
4.29369	0	15680	0	105500	0
0	-579.216	0	4034.39	0	-1191.83
8891.09	0	105500	0	3260000	0
0	208.351	0	-1191.83	0	3767.48
20.9215	0	2.43071	0	6057.02	0
0	53.9508	0	-378.812	0	133.655
2.43071	0	14120	0	94450	0
0	-378.812	0	2659.97	0	-808.33
6057.02	0	94450	0	2376000	0
0	133.655	0	-808.33	0	1951.96
13.5816	0	1.26935	0	3943.55	0
0	33.6794	0	-238.373	0	82.7195
1.26935	0	12520	0	83310	0
0	-238.373	0	1685.7	0	-523.829
3943.55	0	83310	0	1694000	0
0	82.7195	0	-523.829	0	960.939
8.31302	0	0.58171	0	2419.71	0
0	19.9583	0	-142.224	0	48.6622
0.58171	0	10880	0	72030	0
0	-142.224	0	1011.86	0	-320.001
2419.71	0	72030	0	1179000	0
0	48.6622	0	-320.001	0	442.324
4.69247	0	0.20224	0	1368.48	0
0	10.9744	0	-78.6469	0	26.6026
0.20224	0	9182.15	0	60590	0
0	-78.6469	0	562.371	0	-180.321
1368.48	0	60590	0	797900	0
0	26.6026	0	-180.321	0	186.163
