9.038034261835825873e+02 2.708942282489191484e+02 2.723353898585641631e-03 2.536406635201114312e+00 9.916940207493222260e+04 6.581493212495792022e+01 3.660384343139497926e-02 2.844660136675519198e+02 2.361836350097648054e+07 9.124372437956458270e+01 1.517553017965618534e-01 6.278739486570732886e+00
2.427928874376157637e+03 2.699417711455219546e+02 4.002993938762613481e-03 3.597204735187660845e+02 1.189333853843902616e+05 7.184573400457709624e+01 4.335086032151205110e-02 2.866242499377385116e+02 2.801748363623898849e+07 9.140749486923935763e+01 2.206579798973797302e-01 5.131064039594051884e+00
4.749326558733840102e+03 2.706667011066445525e+02 5.632618740643049321e-03 3.569978330678475800e+02 1.412802046906559262e+05 7.763039529453386933e+01 4.977460951856112897e-02 2.897335962537831620e+02 3.221563162617088109e+07 9.256401636386991072e+01 3.046863751997253011e-01 4.324298515214593408e+00
8.056512607779711288e+03 2.697614536116892623e+02 7.688160904538251031e-03 3.529770628363859828e+02 1.681313179488886381e+05 8.166080573910812745e+01 5.583557322654534444e-02 2.919148118578821709e+02 3.618088590310349315e+07 9.274414642620278926e+01 4.037857911253003862e-01 2.810018638077501407e+00
1.255900235648489070e+04 2.702670386357938810e+02 1.036268681128288578e-02 3.490350731814822325e+02 1.986689527808740677e+05 8.598318568656975458e+01 6.025482807575071459e-02 2.942494982400189656e+02 3.985020942005426437e+07 9.397239588176604741e+01 5.198669950429654074e-01 2.509675919390967014e+00
1.848844076636395039e+04 2.691313522096534143e+02 1.416465792894424161e-02 3.411082030611308937e+02 2.349898642682026839e+05 8.881589567549136177e+01 6.189600456784424137e-02 2.930736451393520952e+02 4.318326789294265211e+07 9.428655481773796510e+01 6.559438199132384684e-01 1.601631216099606014e+00
2.610019473793368888e+04 2.690427710916749220e+02 1.981736523491006360e-02 3.199379313715461421e+02 2.760034820117327035e+05 9.219075273848855545e+01 4.628233728582555745e-02 2.817340494708881806e+02 4.609877617461085320e+07 9.572513148496017266e+01 8.094535381352417902e-01 8.742800019540626355e-01
3.569583038889478485e+04 2.676847526815656693e+02 9.929060442554918028e-03 2.539913378138970472e+02 3.252335298694215016e+05 9.423436552490058205e+01 5.758620807526432239e-02 1.788651072935882169e+01 4.857594413812363893e+07 9.634459861736075936e+01 9.653912631852684667e-01 8.845362867137936957e-01
4.133389746365544124e+04 2.680541920523095882e+02 1.986237730433968590e-03 3.398865064727736467e+02 3.522918248263416463e+05 9.613642319350974219e+01 8.563019165946188227e-02 3.593419029687846660e+02 4.961763507931892574e+07 9.774346034908724334e+01 1.065108565860726220e+00 7.322728062087781042e-01
4.757105831347951607e+04 2.672026283781968914e+02 7.592308587666004270e-03 1.390507952257674162e+01 3.820330582918328582e+05 9.697406946194517730e+01 9.611229605296323086e-02 3.516340794104438601e+02 5.052876080201394856e+07 9.821767010709997692e+01 1.172783182649671740e+00 1.081898479461947060e+00
6.203616228282209340e+04 2.655924952679868625e+02 1.492836879714458560e-02 7.861316117960862826e+00 4.483898963764421642e+05 9.845682780942910028e+01 1.073531339000041440e-01 3.492687858097615958e+02 5.193246053968202323e+07 9.943775411335792569e+01 1.401702974409263502e+00 7.628811989175016128e-01
7.942275650298479013e+04 2.649174090299313775e+02 2.034239010887543830e-02 2.374675331615714757e+00 5.259307810046572704e+05 1.007182526154211502e+02 1.176059102954719326e-01 3.530207884809216807e+02 5.275171437375774235e+07 1.021316649135956709e+02 1.652161812929793250e+00 3.596260001049120660e+02
1.000077561473516835e+05 2.631166756132121805e+02 2.557127407712520353e-02 1.805765884330859106e-01 6.165226531814698828e+05 1.017848476349602862e+02 1.292131092125937686e-01 3.576779808762920538e+02 5.301475845124164224e+07 1.044534907107206578e+02 1.933069269914180044e+00 3.594334769159627854e+02
1.239996608033592056e+05 2.622220446357736705e+02 3.082612385945362327e-02 3.570685233283236926e+02 7.216400880265932065e+05 1.036694727306573327e+02 1.417989148345625838e-01 3.983962565022813873e+00 5.271087566988049448e+07 1.086048539020455479e+02 2.234016237793984505e+00 3.582391417652303858e+02
1.514265883352511737e+05 2.591981020765672383e+02 3.627474065100525641e-02 3.555129958036221751e+02 8.434635308874497423e+05 1.033911550269422435e+02 1.563182607615977160e-01 1.124091777179977036e+01 5.195607041411522031e+07 1.118146749089726200e+02 2.557064874114388875e+00 3.579996302614645742e+02
1.817404978697694023e+05 2.572546703801114631e+02 4.176086112669600420e-02 3.530378410841168488e+02 9.809534836705339840e+05 1.039544555450408012e+02 1.731152490975546021e-01 1.837539232711827353e+01 5.084111172256636620e+07 1.173038604316525948e+02 2.887106858217735716e+00 3.567106452375654158e+02
2.135821509950667969e+05 2.533351488216381426e+02 4.738212404745171386e-02 3.508313534118080383e+02 1.129900376698276028e+06 1.023678842554378292e+02 1.884814466630459484e-01 2.541957427470012121e+01 4.945285956703511626e+07 1.223004756360074765e+02 3.218487066254277718e+00 3.553308049169226592e+02
2.435880092264005216e+05 2.495653706960119962e+02 5.264346223275667008e-02 3.485530752246399402e+02 1.276050626310306368e+06 1.006476007489182649e+02 2.058309818812072978e-01 3.349195122119161994e+01 4.779493796903300285e+07 1.288558675109298406e+02 3.522841744327362079e+00 3.538642710184012685e+02
2.662211356185063487e+05 2.439531798362070845e+02 5.732192090492356507e-02 3.464190365442028110e+02 1.393364621120211203e+06 9.681469166917784719e+01 2.214385111568836495e-01 4.170699093773723121e+01 4.573372083219363540e+07 1.347980159216205607e+02 3.779394463141015681e+00 3.522737708663685225e+02
2.742595000621721847e+05 2.376188603178962069e+02 6.095871949159786113e-02 3.443274163468566940e+02 1.444972489857410546e+06 9.188807104004601456e+01 2.364353500199933289e-01 5.029782120084196606e+01 4.294076197945687920e+07 1.405691069417318317e+02 3.957882412379496451e+00 3.505561726199315444e+02
2.626383351425607689e+05 2.316355499417639692e+02 6.325358426030168457e-02 3.421988145861742510e+02 1.401927825226267800e+06 8.690543998342971577e+01 2.505696214845896663e-01 6.040702930448338037e+01 3.906808166788430512e+07 1.463974930802968402e+02 4.024535139814163109e+00 3.487246293038622866e+02
2.326343171204123355e+05 2.280690691390140898e+02 6.369790892621275680e-02 3.390910677182414474e+02 1.263094813427073183e+06 8.388520874993254495e+01 2.649806161231317847e-01 7.020853148290878210e+01 3.397644212711007148e+07 1.537247737556213849e+02 3.951853032425949763e+00 3.457989458803178877e+02
1.907862906766489614e+05 2.269745318957291715e+02 6.204761327744909294e-02 3.360416113875622273e+02 1.055607253569054650e+06 8.285069801006662260e+01 2.790700833709414130e-01 8.054116732486136243e+01 2.796814441787716001e+07 1.622157878355588423e+02 3.724577789328129995e+00 3.428282691510956397e+02
1.453963102485296549e+05 2.313794694540329999e+02 5.848234643502205066e-02 3.321803655124526813e+02 8.183951178720138269e+05 8.683421193553184025e+01 2.910687344878927774e-01 9.111033361111209672e+01 2.164004255748938769e+07 1.750312043456374340e+02 3.352760061568845540e+00 3.388577737255787383e+02
1.046909091330847295e+05 2.421272128268608128e+02 5.254721118423316684e-02 3.284971252471349317e+02 5.961633131228605052e+05 9.685214887763169145e+01 2.996198624892424389e-01 1.015358458278655860e+02 1.590296526560438983e+07 1.931687575095743625e+02 2.841131064688708463e+00 3.349519093103319847e+02
7.845890802939135756e+04 2.659175269894500389e+02 4.510436432395575901e-02 3.225707294395789972e+02 4.492120134866903536e+05 1.199689664138962115e+02 3.014252121666762818e-01 1.116920268870383666e+02 1.211892243754483201e+07 2.235140373493570110e+02 2.242505625195112984e+00 3.281268722337629242e+02
7.361054238712214283e+04 2.954039395528121190e+02 3.645934072695457967e-02 3.152590766633203430e+02 4.240216581685412675e+05 1.489649014977481158e+02 2.964283184188887810e-01 1.224760891106324578e+02 1.149282434858293645e+07 2.598949193036609699e+02 1.612733255557538437e+00 3.183276046357801761e+02
8.124202095820248360e+04 3.168531680973336506e+02 2.702624429585853000e-02 3.046619212146226232e+02 4.710736017997915042e+05 1.697716956513007460e+02 2.843310614022847571e-01 1.339165226721709985e+02 1.309512263319811039e+07 2.887071179682244519e+02 1.017019864887462877e+00 3.002285952316038333e+02
8.808453283449096489e+04 3.312589251902451792e+02 1.824965691360950007e-02 2.851357116456602512e+02 5.127546968102911487e+05 1.835673991602381534e+02 2.629628463681422113e-01 1.440501201919377934e+02 1.498083168313110806e+07 3.097583673894035314e+02 6.444259815507727973e-01 2.593651485805372090e+02
8.892983648835125496e+04 3.425634757413196212e+02 1.225628921725988377e-02 2.510730415284855894e+02 5.196836526830011280e+05 1.943758819470962464e+02 2.255681765837314334e-01 1.558574502522406817e+02 1.616291819354377314e+07 3.265932363181153733e+02 6.855709065143030800e-01 2.109304418319081549e+02
8.377221729265853355e+04 3.538040505469864456e+02 1.144699932740822317e-02 2.033355019446653387e+02 4.923925981041757623e+05 2.051880195133433915e+02 1.679940559500948116e-01 1.700200712164580068e+02 1.635355828579625115e+07 3.422408995084702497e+02 8.664247538603899734e-01 1.831832387693533235e+02
7.441783162328074104e+04 7.086670179194480390e+00 1.355087987571704233e-02 1.706539275301786631e+02 4.409385085898825200e+05 2.180045369876764596e+02 1.052364971392163451e-01 2.015853658554262324e+02 1.559488016678749397e+07 3.588998430098600352e+02 9.187291605552294627e-01 1.677955620030368493e+02
6.310806664833065588e+04 2.251247817805177931e+01 1.456810154547294629e-02 1.492456750772063003e+02 3.774288383880315232e+05 2.328331080366155561e+02 1.068636447100681786e-01 2.638063045583440953e+02 1.413251068036413006e+07 1.680768081643412515e+01 7.799398936665662418e-01 1.552974747535008930e+02
5.226707856710453780e+04 4.213594880395053366e+01 1.333438242673581735e-02 1.317243058771893232e+02 3.153050861613345332e+05 2.517076135154957228e+02 1.845479649541023892e-01 2.959460076932165293e+02 1.240538575334217213e+07 3.827085923442051296e+01 4.829184349344888827e-01 1.409626034721338215e+02
4.424228313435814925e+04 6.789033866984105714e+01 1.022346049412243586e-02 1.125475187297082726e+02 2.685614342793883407e+05 2.766643368461625982e+02 2.685302892661455276e-01 3.082453872457126636e+02 1.101809744397179037e+07 6.558072837359095786e+01 1.418553621029443323e-01 8.918539064317121756e+01
4.033082272781430947e+04 9.556769362592309847e+01 6.313586656418544892e-03 8.522629419446238330e+01 2.460305827255837503e+05 3.036366911299260778e+02 3.322741524872000474e-01 3.141935272166499544e+02 1.048651706843474135e+07 9.487251940613553813e+01 3.305753349918043593e-01 3.389994988452582447e+02
3.964995961868853192e+04 1.231448564154610921e+02 3.599051523550544310e-03 2.807904532784607454e+01 2.435091698590557207e+05 3.305277717645769826e+02 3.636676214654537831e-01 3.160825189208329107e+02 1.077999423631591164e+07 1.240169967824981825e+02 6.152633608429419754e-01 3.186784076891522659e+02
3.991082810674684151e+04 1.467076869417755347e+02 4.391347978796151207e-03 3.132885491756762235e+02 2.470034390818742104e+05 3.533194683484913412e+02 3.482624370033817751e-01 3.129441147136188874e+02 1.136305212488063797e+07 1.488511441180469319e+02 7.593601248055015240e-01 3.007743076730777148e+02
3.914769484059799288e+04 1.693453499003290972e+02 6.710432754772775212e-03 2.684722849960696749e+02 2.440448418786692491e+05 1.506879898865052780e+01 2.833449913122039199e-01 3.027719113410164482e+02 1.165766866989793442e+07 1.723822090564861469e+02 7.638180049886897915e-01 2.764682929230034460e+02
3.653834016721551598e+04 1.910647403346356441e+02 9.464085423157327440e-03 2.307129928330256803e+02 2.290482008188026666e+05 3.580108766556847399e+01 1.977781718978435244e-01 2.753969912001184639e+02 1.134365146096248366e+07 1.946393413798909364e+02 7.609386866748751865e-01 2.382540269128606951e+02
3.249424645662680632e+04 2.138562967828107162e+02 1.311205907916643959e-02 1.982773416073929980e+02 2.042967840336964000e+05 5.755239313165708381e+01 1.872419652853932748e-01 2.228634223991612089e+02 1.046421898526958562e+07 2.176912457607472788e+02 9.602274765492360142e-01 1.974279202288031456e+02
2.833685532114660964e+04 2.416767992492105463e+02 1.733383924758970240e-02 1.705417973478720057e+02 1.781279632955347479e+05 8.437571980605844146e+01 2.775699646704256063e-01 1.890161391612561204e+02 9.405819086096765473e+06 2.456446599977585947e+02 1.308966691508891556e+00 1.682972338559714842e+02
2.549579813922763788e+04 2.723834634394123668e+02 2.085206227647762658e-02 1.466711422478144868e+02 1.599992596617047093e+05 1.142821867617367957e+02 3.638950616114227654e-01 1.731884549928487900e+02 8.683321037121560425e+06 2.765840012288276171e+02 1.594444957721049994e+00 1.473097332586946209e+02
2.443148342162819972e+04 3.049735308714714961e+02 2.246564626817647639e-02 1.239934355603770086e+02 1.534117058308384730e+05 1.462291380875611821e+02 3.905609719088109499e-01 1.622938439803124595e+02 8.534133183658337221e+06 3.095342175742511017e+02 1.673164084422419151e+00 1.284491002230801087e+02
2.431719512806799685e+04 3.355857163108137797e+02 2.221600351252601968e-02 9.818392110074860568e+01 1.532107111550034606e+05 1.760816577027814560e+02 3.401864499757377702e-01 1.503291415931967094e+02 8.729523797472028062e+06 3.403788580595882536e+02 1.534772427915599868e+00 1.057162832597205124e+02
2.393141138099099771e+04 3.337567561582225117e+00 2.137517736017603698e-02 6.661137482333985815e+01 1.509060504755342263e+05 2.028216785891393670e+02 2.298015149692525794e-01 1.291544330422097175e+02 8.814821779391860589e+06 8.073846013019277734e+00 1.321331263488568108e+00 7.314553233718162062e+01
2.224989888458598216e+04 3.206857939566609161e+01 2.206293548273907321e-02 3.169995794982778747e+01 1.410134432551549980e+05 2.307964011438042178e+02 1.432278254151717889e-01 7.800024898523038530e+01 8.370215519075143151e+06 3.657175267075906788e+01 1.305294408363806280e+00 3.242505869400780938e+01
2.200111366968820221e+04 6.087347862227571937e+01 2.441194876730514579e-02 3.590372623045348064e+02 1.385550826558038825e+05 2.584699453672489540e+02 1.968789143161300825e-01 2.322719292738765873e+01 8.459190042356871068e+06 6.551450164022976708e+01 1.523203554764763545e+00 3.574271208619130675e+02
2.009981869451214880e+04 9.241262414111804446e+01 2.615285392999044944e-02 3.304532731890827222e+02 1.262293634052365669e+05 2.892449172078172523e+02 2.674464897805579611e-01 3.849601300302578633e+00 7.850607227863582782e+06 9.691624065772069230e+01 1.681404603937610709e+00 3.315210410166670272e+02
2.004335738822202984e+04 1.194890112567424438e+02 2.527526809388574644e-02 3.050456343547489837e+02 1.245924189667800820e+05 3.162530390413637633e+02 2.687164628580510639e-01 3.552255760685198993e+02 8.014311474163989536e+06 1.240017497715734720e+02 1.581553000387515340e+00 3.097620508882574768e+02
1.791996554481706698e+04 1.616767157177225158e+02 2.212845400256182107e-02 2.753965114706624604e+02 1.118152899050615088e+05 3.570771566709402123e+02 1.914315067894022393e-01 3.516468681205600433e+02 7.226721884702150710e+06 1.659751985026175021e+02 1.246167979627097244e+00 2.822029667332614054e+02
1.718257387298679896e+04 1.942488263529958488e+02 1.904587087526799297e-02 2.381886509528333420e+02 1.078319421726582805e+05 2.891153366848549311e+01 6.487031960041633738e-02 3.543086678175431530e+02 7.029503046224239282e+06 1.983937927894022266e+02 9.506009983616231507e-01 2.387525787766868177e+02
1.663194960562956476e+04 2.289415892794015406e+02 1.885179532590905774e-02 1.972268725072968607e+02 1.027780378304672777e+05 6.281448266493271149e+01 5.934256403537025576e-02 1.541281464035135969e+02 6.873918657252058387e+06 2.328010590631181742e+02 1.021358368834815566e+00 1.897418716945462052e+02
1.632067851962396162e+04 2.616113348390642841e+02 2.007170543759167342e-02 1.635605853443937860e+02 1.012267459448329610e+05 9.460843105554776855e+01 1.299294061438791004e-01 1.626844635285779930e+02 6.826698575712138787e+06 2.652337418614187072e+02 1.198671265834887700e+00 1.586997686809919799e+02
1.537255307046330927e+04 2.970004507140922669e+02 1.903650206533358258e-02 1.342944592230300884e+02 9.409154679786931956e+04 1.294714829232163709e+02 1.371832737671893065e-01 1.761302094229518502e+02 6.501287790145074949e+06 3.005479636856225056e+02 1.120293787133084251e+00 1.359564043530300808e+02
1.236999838835286937e+04 8.326292522754029335e+01 1.327449569280301882e-02 3.284631757042868117e+02 7.356984706440450100e+04 2.730783911735740048e+02 1.853417738301738615e-01 3.183255135949515306e+02 5.381630125204174779e+06 8.576406400500142979e+01 9.174240764430070527e-01 3.214161272028449048e+02
1.047136747447970993e+04 2.323578447637873410e+02 1.037651996940788628e-02 1.487080601418495576e+02 6.070035094057768583e+04 5.953981875390742573e+01 1.885818332442905643e-01 1.376209579652540071e+02 4.670379423593884334e+06 2.336034778923671524e+02 7.739390560134911112e-01 1.414917706238826440e+02
9.714374529042990616e+03 3.569540262910966248e+02 8.224621985809525693e-03 3.302923746086297569e+02 5.378614224336934421e+04 1.824446762611740098e+02 1.377682914945100034e-01 3.146407772123056930e+02 4.536189061393293552e+06 3.556825385747427504e+02 5.940979580061630516e-01 3.225850653880086725e+02
8.276504340209348811e+03 2.423846107058809025e+02 1.638518335205731494e-02 1.843318742965134334e+02 4.663847439504599606e+04 6.901139636288209545e+01 2.144022967029059756e-01 1.840161838499550413e+02 3.748852516006758437e+06 2.444970427060481768e+02 1.119276837307920047e+00 1.815538135782815345e+02
