0.125000006
0.150000007
0.174999981
0.199999978
0.224999984
0.250000012
0.274999959
0.300000015
0.312519942
0.324999964
0.349999961
0.375000018
0.400000083
0.424999869
0.449999807
0.474999948
0.500000024
0.525000088
0.550000158
0.574999937
0.599999743
0.624999782
0.649999928
0.674999977
0.699999923
0.724999958
0.749999947
0.774999989
0.799999963
0.824999912
0.849999967
0.875000025
0.899999872
0.924999968
0.949999895
0.974999943
1.000000049
1.024999981
1.050000001
1.0750001
1.099999931
1.124999921
1.149999873
1.174999945
1.199999944
1.224999967
1.250000061
1.274999864
1.299999857
1.324999901
1.349999808
1.374999794
1.399999846
1.424999951
1.450000082
1.549999977
1.650000041
1.749999807
1.849999664
